984
999
999
996
1017
1106
892
987
997
999
1007
1002
993
1015
999
982
999
999
1003
1006
1000
980
995
999
1013
1009
983
1008
1002
991
1024
981
1001
994
1012
1001
994
969
1017
994
995
1008
1032
971
992
996
1007
978
1001
1021
1011
1002
998
986
1009
998
1026
974
1002
984
1009
985
997
1057
953
990
1018
976
1024
1000
999
992
1001
1005
998
985
1016
997
999
1004
992
990
1015
999
997
1000
974
1018
1002
995
1008
998
1001
996
1011
984
1008
1002
988
1010
1004
1018
968
1024
990
992
1002
995
1000
997
1005
993
999
1001
1003
992
1023
980
1007
1009
999
981
1011
995
992
1008
1003
991
1008
1000
973
1013
1005
986
1020
998
974
1020
1000
979
1012
999
993
1007
984
1001
1014
1023
973
998
1001
1024
962
1022
979
1015
1001
985
1005
1011
993
998
996
1001
999
1017
985
995
1002
1010
984
1005
986
1010
999
1005
995
1007
996
1001
997
995
1018
1009
965
1012
1001
990
993
1012
989
992
1007
1014
993
997
1003
1001
999
1011
995
989
1000
995
1009
986
1004
1000
997
997
1006
995
995
1010
997
1051
960
1012
990
985
999
994
1001
1007
994
999
1003
997
993
1005
998
994
1046
977
995
994
999
1005
991
1007
1003
990
996
999
1002
1001
1005
996
1004
1048
947
1039
958
995
995
1001
1001
996
1006
1002
995
1004
1001
1010
1000
995
993
1004
1008
1033
949
991
995
1004
1006
993
997
1003
999
1004
998
1028
981
992
994
998
1001
1002
999
997
1002
999
1000
1004
1003
989
1000
1007
1007
1003
1010
1002
1010
977
997
998
1006
987
992
997
1002
1002
994
1054
1006
964
997
996
999
1005
984
988
1017
1009
997
1000
1001
993
998
1009
992
1012
1002
1006
982
994
1003
993
1009
993
1004
1040
950
996
1005
996
998
999
994
1016
1006
1039
952
1010
976
998
1003
996
1000
1006
991
999
1006
1009
1001
1004
989
1000
1003
988
995
1003
995
1006
998
999
995
1000
1007
995
1000
999
1000
1030
980
1003
999
1041
946
1040
972
980
1001
1002
993
1002
1003
999
1006
1041
978
990
1034
963
991
989
999
1006
1004
994
993
1004
996
1000
1001
1020
993
986
999
1003
996
1005
990
1002
993
1006
1000
1052
969
1001
995
997
993
1010
989
991
1010
991
1020
977
1012
999
999
1021
975
1052
946
1035
965
1023
986
1001
1002
991
993
1001
997
1035
967
995
990
1006
998
1007
1006
1019
985
992
997
1004
999
1003
994
1003
991
1001
997
1001
995
1004
996
1012
994
993
1004
1018
978
998
1008
996
999
1001
1005
992
1001
995
1001
997
998
1013
1005
996
1001
994
992
999
1014
991
997
999
1002
994
1006
998
998
1015
986
998
1002
1002
1000
1003
1016
968
1008
994
997
1056
945
996
993
999
1014
1007
1034
959
1038
966
997
1000
995
999
1002
997
995
993
998
999
1024
999
1020
967
1009
995
998
996
1002
994
1004
998
1001
1011
990
1003
1027
1004
969
990
1016
987
999
1007
994
996
994
1010
998
995
994
994
1017
1019
993
993
989
997
998
1005
1001
999
985
1000
994
1005
1005
995
999
999
1019
1023
983
1005
985
1027
976
1017
1002
992
979
1008
996
1014
1001
1016
999
963
988
988
999
1006
997
1002
993
1001
1001
1001
1001
993
1000
1001
1021
976
1001
1006
1011
985
995
1019
985
995
1000
1003
1007
1000
998
1017
991
980
1012
1018
980
1026
983
998
996
1016
986
1002
994
987
1004
1000
1005
999
1003
1003
1006
985
1013
995
986
994
1014
1021
974
998
999
996
1056
939
1002
1015
993
1027
1020
964
1000
991
1005
993
994
989
999
999
1004
999
1010
1002
998
999
1009
1005
989
995
1000
1024
959
996
1007
993
999
1000
1003
1054
968
1020
993
1028
974
987
988
998
995
1006
1024
957
1002
993
998
1003
1003
1007
1021
1003
997
1011
981
993
1026
978
1009
982
999
1001
999
999
999
1002
1018
1002
1005
1009
975
997
1028
976
1003
999
991
1004
970
1009
994
1001
1008
1011
1014
999
996
998
995
980
995
1009
987
1007
1006
1010
998
987
1000
1020
1031
977
1010
959
1000
996
1006
993
1003
1027
974
994
1049
959
1027
986
995
998
983
1016
999
1013
979
996
989
1012
1001
985
1055
948
998
998
1010
1026
983
1026
964
998
995
1006
989
1010
992
998
1002
999
1006
988
1001
1040
998
966
1014
990
997
1002
993
1000
1035
1004
969
994
1001
996
1033
978
989
1007
988
1032
975
1002
984
999
1001
1001
995
1051
967
982
1004
995
1010
1032
978
1004
988
994
1019
989
997
997
1007
996
1028
960
1008
993
1002
1033
969
1001
998
995
1033
961
995
1000
998
1002
998
1004
1013
999
991
1001
1013
1015
975
1003
1007
989
994
998
997
1002
1000
1005
999
995
1003
998
1010
991
997
990
1000
995
1000
1006
997
998
995
1005
995
1006
999
994
999
1016
996
986
1000
1005
1012
995
1004
992
997
1015
996
1000
990
1007
987
1012
1004
997
1021
984
986
1004
983
1020
985
1004
995
1011
998
991
1003
1008
1040
961
1038
945
999
1002
996
1005
1000
999
994
1017
1026
960
1005
996
998
992
1013
1010
981
1006
989
1004
1005
992
995
1005
993
1005
1002
1010
986
1004
1016
1002
992
989
1026
995
983
1019
979
1012
994
993
1004
1000
1000
993
998
999
1021
988
996
995
1012
988
991
1009
999
999
997
998
998
1002
1006
1026
976
995
990
1009
994
1001
1008
1027
971
993
997
1006
993
1000
1012
986
1001
1006
1015
1026
957
1005
1004
1007
972
1000
1003
994
1015
1003
1000
996
1018
983
1002
992
992
998
1000
999
999
1001
998
1002
999
999
1001
997
1000
999
1025
982
993
1002
998
998
1001
1001
1003
993
999
1007
993
1004
994
997
1016
987
1022
976
1016
973
997
1001
997
1026
982
993
995
1001
1005
998
999
1014
998
995
994
1006
989
1008
990
1005
999
999
1019
996
991
989
1004
997
1008
994
995
1010
999
995
1000
1008
1020
983
1018
983
1001
986
1001
995
1005
1028
993
1011
975
1019
979
1005
997
1008
992
1010
983
1000
995
1022
998
997
1011
985
1000
980
1006
1024
987
1001
992
1001
1005
1006
983
1006
1033
983
978
1034
973
980
1011
999
981
1056
949
1000
995
1012
985
1000
1017
995
1004
994
995
1009
1004
981
1005
994
995
1004
999
995
1000
1000
1001
1014
1000
1009
1019
981
1000
999
992
995
1001
997
1001
996
1018
983
1013
996
1021
1004
1064
930
1002
976
1015
984
997
1019
1034
949
977
1021
1000
996
999
1005
1004
1006
1018
970
988
1004
986
999
1008
995
998
1014
1021
958
1008
1010
1000
1055
940
1028
973
1000
994
992
998
1001
996
999
1010
993
999
999
1038
988
991
992
995
1011
995
985
1011
988
997
1004
1017
1001
978
1002
1008
1008
1036
981
977
997
1000
998
1001
1011
998
1040
956
989
1005
1010
995
1023
975
994
1024
1000
982
996
1001
1003
991
995
999
999
1006
996
998
1005
1003
1031
998
974
989
1021
979
992
999
994
997
998
1013
992
1003
995
996
1006
1002
1055
956
988
1014
989
989
998
1003
997
1011
991
998
1000
1013
992
1013
1000
987
1026
988
996
996
1001
1005
996
997
1001
1060
948
1015
992
993
987
1009
991
991
999
997
986
1024
985
998
997
1002
994
1003
1003
1051
965
1021
981
1020
980
1002
979
1019
991
1005
987
999
1001
1005
991
1001
1002
999
1020
966
1078
936
986
1013
988
999
1003
989
998
1001
1005
997
1007
1007
998
1007
1009
980
1000
1010
980
989
999
1000
999
1001
1001
994
1001
1004
1033
997
979
1023
974
1013
994
1026
1006
972
992
1007
1029
970
989
1010
993
1024
993
988
1017
1000
993
992
1031
962
1000
989
1001
998
992
990
1000
999
1040
989
1034
967
991
982
1011
995
991
1002
994
1005
1000
991
1005
993
1018
1013
1010
1011
981
977
1004
990
999
1012
997
1088
923
1001
994
994
1015
986
1029
982
1041
954
997
999
986
1001
998
999
1005
1006
987
1005
997
1016
997
988
1005
1003
1008
983
993
1001
994
1007
997
1000
1001
995
1003
1004
998
1002
1001
1014
1001
982
1007
995
1044
960
997
991
1005
1037
958
1000
1000
1002
1066
936
1015
987
997
987
995
996
999
1007
1038
962
998
1011
987
1017
1003
1012
986
1020
961
1005
996
1001
1015
988
992
999
1005
990
1012
995
1013
1023
985
1023
967
1001
1011
979
989
1027
982
1029
970
994
993
1054
1009
960
1014
983
998
994
997
1044
1016
957
980
996
1040
965
993
1013
991
1022
984
1012
1010
985
982
1020
980
996
1009
996
1001
1001
998
994
1002
1020
989
1008
990
998
992
1001
989
1004
986
1001
1003
1002
994
1000
1010
993
1011
1019
985
1000
1002
995
1002
981
1009
988
998
1002
1011
1013
989
1002
1000
990
1010
1000
994
1006
1028
968
998
998
993
1003
1003
1000
999
992
1012
1031
962
1013
1026
976
972
1020
985
996
997
1024
976
996
1019
989
1009
985
1021
1034
978
995
1023
967
986
990
997
1002
996
1006
993
1009
992
999
1005
1012
999
990
1002
1013
1007
982
997
1008
999
994
995
1000
1001
1009
1001
986
1003
1018
990
1043
960
992
996
988
1008
998
1006
1002
1002
998
994
993
1015
1011
1004
1020
989
970
1008
1005
978
999
993
1001
997
1007
1015
1034
951
996
1030
980
1073
915
1003
992
997
1007
988
1005
1005
990
1007
1006
988
999
1060
969
986
1000
1005
980
1006
996
1006
990
997
1003
1001
997
1001
998
1007
1003
1015
1002
1023
969
989
999
1002
987
1012
994
1007
986
1006
988
1002
995
1023
998
1023
1008
960
991
1014
993
990
998
1002
999
997
1011
1008
1001
986
1045
955
1016
1031
959
994
999
1006
992
998
1000
1004
1003
1000
998
997
1013
1007
978
1062
948
1000
985
999
1000
997
999
999
1003
997
998
999
1016
1007
993
1006
997
1001
982
995
1006
986
1005
1006
984
1005
995
1000
1000
1004
1035
979
1033
972
996
983
1000
1010
1005
997
996
1001
998
1005
990
1001
998
1013
1008
992
1029
965
988
1007
998
989
1027
985
1003
996
1001
997
1006
1019
984
1002
984
1010
976
1010
994
994
1000
998
1019
996
1002
1005
1039
943
1016
1004
994
1002
989
996
997
1005
991
1003
1001
998
1024
990
996
987
1017
998
991
1010
991
1005
989
1005
982
997
1018
996
1005
990
997
1010
1000
1002
989
1050
958
1001
1006
994
984
1013
991
996
999
996
1009
995
1003
1009
995
999
1019
1021
966
1007
1037
962
990
1011
986
1000
993
998
1006
993
992
1020
985
1010
1090
914
998
993
985
1026
984
996
1004
1007
993
996
990
1019
984
1012
1012
978
986
1006
993
1002
995
998
1019
1004
981
1000
1000
1011
1010
1000
991
1004
1003
1003
986
998
998
992
999
995
1004
1024
971
1010
1061
954
991
1008
977
1017
1019
995
976
989
1001
1005
990
1007
1000
1004
989
1048
992
1006
974
1001
1014
975
987
995
1002
996
1049
974
1001
994
995
997
995
995
1032
1021
957
998
998
997
1002
1006
1018
996
984
1000
997
1019
994
989
1004
990
997
1009
998
990
994
995
1023
1000
998
998
984
1007
1000
998
1030
970
1018
993
997
996
1005
999
1004
1004
994
1006
1005
993
1013
987
1008
966
1010
990
1002
995
1027
987
1013
1020
978
1009
999
1000
977
1033
950
1017
1001
995
1027
993
989
996
981
998
1001
998
1006
1001
1002
1001
994
991
1009
1007
1000
993
1012
994
1004
984
1002
997
994
998
997
1002
1033
972
1014
1004
996
1007
996
1003
1005
995
1004
975
1003
988
1001
1005
1005
986
1001
1005
995
1009
995
992
1004
1003
1006
1011
981
1003
998
1014
989
994
999
991
1000
1010
989
1010
995
999
1000
1001
999
1004
990
1065
973
988
998
1000
978
1000
1010
998
990
991
1001
1006
994
1004
1019
996
990
1006
1003
1009
989
1001
1007
995
1001
981
1017
1002
984
994
1006
998
1001
995
999
998
1032
977
991
1000
1001
997
998
999
1002
1003
999
1009
994
998
1034
980
998
999
1002
992
1007
1015
960
1021
995
993
993
998
999
996
1027
998
991
991
991
1018
989
1002
1001
1034
967
985
1004
997
1005
993
1008
999
998
987
1019
1003
1004
997
988
996
994
1006
1002
1000
998
993
1137
873
994
993
996
1003
1014
995
1006
981
994
1028
993
998
1008
989
997
992
997
1001
1014
1000
1009
991
992
1031
974
998
996
1004
1008
987
1004
991
1005
1011
990
1050
949
990
1011
1023
967
1085
936
987
996
1003
1196
796
995
996
1010
995
1013
984
1003
994
1008
987
1009
989
995
1006
999
996
1034
988
993
1005
998
1011
980
1004
1000
1009
975
1005
1021
975
1008
990
1002
1007
1000
1008
995
1007
1183
810
987
1003
1009
995
1011
974
1020
988
1001
994
1016
983
1024
1013
989
994
1006
992
1007
985
988
1004
1000
1012
985
990
998
1006
1024
979
994
1005
1011
990
1015
986
995
996
990
1004
991
1002
999
997
1012
1011
990
1028
982
987
1009
995
993
1018
983
997
1001
1000
998
1003
989
1011
999
1015
998
984
1013
987
1002
983
999
998
1018
988
1005
987
1023
1008
1019
972
1011
987
1008
1010
979
992
989
1001
1019
994
987
1004
993
1000
999
1008
998
1005
1025
978
1005
986
1003
1006
995
983
998
1000
1000
998
1006
998
1006
1029
1018
968
989
1003
1012
985
980
1002
1002
997
998
1003
995
1001
999
1005
1012
1000
989
1004
1028
982
1015
988
986
990
1002
999
1033
977
993
1010
999
1020
987
1004
977
994
1002
1035
979
1008
983
1007
1000
1042
957
1010
985
1002
1030
970
987
1005
999
992
1015
1002
988
1017
987
995
1002
999
998
998
1004
1015
991
1016
972
998
996
997
1006
1003
1002
1020
990
1004
988
985
1007
1019
1027
971
1011
1000
980
996
988
998
999
1005
993
995
1006
994
1038
981
1020
997
992
1007
974
995
1001
1006
984
1004
1001
1013
989
1003
993
996
1006
1043
993
1011
978
989
1025
962
1003
1001
1014
1004
982
974
1002
1000
998
1062
976
993
1000
1014
977
987
1001
1008
1004
1009
1141
847
991
1008
988
1006
997
1004
988
992
1014
993
996
1000
993
994
998
1010
1157
871
982
1000
1013
1006
983
1003
985
1012
999
999
992
996
999
1002
999
997
999
1003
1008
1003
1079
929
1008
1159
866
966
990
1040
960
1011
985
1005
992
997
1000
1012
999
993
1005
1009
978
1015
986
1006
1012
995
1035
940
998
1004
996
993
1044
1001
988
987
1020
980
1061
952
981
997
997
1008
996
1004
994
995
1001
1033
998
977
1006
983
1005
995
1002
988
1002
1002
989
1047
971
1013
992
990
1041
982
977
1014
1038
954
997
1021
967
996
996
1001
1005
988
1002
1000
1028
1017
972
992
1014
996
1008
983
1010
978
990
1006
1003
993
1006
1011
992
1006
1003
999
998
996
993
996
987
1010
999
997
1000
1000
999
1043
968
983
997
1036
986
1021
972
1004
1007
995
995
999
997
997
1020
988
988
1003
988
1011
1008
988
1000
1027
985
1013
980
984
1016
996
1013
985
1000
999
996
1002
1014
1003
989
1001
992
991
1050
947
994
1007
1001
990
1002
1002
994
1008
1006
1036
960
1016
974
1007
1002
1007
996
989
995
1001
1002
1001
994
1005
1002
1019
981
996
997
1029
983
993
998
1004
991
999
1000
1000
1001
997
998
1022
999
987
996
1013
993
999
996
1000
997
999
1001
1025
980
992
998
1002
1017
1026
967
997
995
991
1006
999
1008
986
994
1008
989
1006
1035
993
994
1005
997
967
1004
995
1026
987
1016
997
987
992
1013
986
1025
1003
1005
974
1030
957
989
1004
1002
1005
997
992
1004
999
1003
1005
1012
988
1002
1014
993
1189
811
992
1010
990
990
1003
995
998
1024
986
1008
1003
1001
983
1008
1020
981
1019
1011
975
976
991
1017
989
993
1024
1004
984
1007
982
1009
1007
993
1028
1098
886
1010
988
992
1003
993
992
998
1008
1001
988
1004
1007
1008
1088
911
1022
978
1000
1001
1021
968
995
1012
996
994
998
1017
987
990
993
1020
989
995
1000
1002
1000
988
1001
1005
1000
1006
1002
998
1007
995
1027
995
1105
861
1009
993
998
999
997
1007
992
1007
998
996
992
1012
1012
994
997
993
1002
1017
994
996
996
981
1019
983
996
1007
1007
997
983
1012
1005
1008
981
1004
1005
999
1000
999
1004
981
1019
990
985
1001
1016
1003
1013
982
1011
991
996
993
995
996
996
1000
997
1011
990
1004
996
999
1002
994
997
1004
1015
990
1009
996
1002
1024
989
1023
962
1017
991
998
994
1024
983
988
1009
1002
1034
963
1002
1005
997
988
1010
993
980
1005
989
1018
1004
1012
994
989
995
996
1001
1021
985
994
1002
997
997
1005
994
986
1041
980
997
1005
1038
957
1004
1010
993
1006
1012
973
1005
993
989
1004
998
1007
1001
1002
992
1017
989
991
1001
1005
991
995
995
1037
984
1005
983
1003
1037
952
1011
985
1026
1116
877
990
1012
989
1003
1004
996
998
991
1034
974
1003
1000
1006
990
993
1004
982
1052
989
1175
815
1010
976
991
1026
983
1010
1005
986
989
1008
994
996
1021
991
992
986
998
1000
1001
997
1033
990
990
991
1013
1004
991
1008
988
993
1036
988
966
1031
975
997
1001
993
1026
979
1008
1007
996
1017
977
1004
997
1013
993
986
993
1080
921
1016
994
988
1013
995
1051
1008
991
967
1039
974
1004
1002
1000
986
999
980
990
1011
986
1002
1062
965
997
991
1032
949
999
1022
979
989
1023
990
995
1027
983
999
996
990
1026
1000
1000
986
989
1001
1007
999
992
1017
993
990
1004
989
1008
991
1004
995
997
1004
1010
991
1000
993
998
1013
989
1012
989
1005
995
1000
994
999
1008
995
1007
999
993
1007
996
995
1006
992
1019
981
994
1013
990
997
1014
1022
972
1009
1002
991
1000
1007
995
988
1012
991
1002
1003
1002
994
998
1010
998
1044
950
1003
1018
990
991
998
998
1001
998
1004
1002
992
1006
989
1005
1000
995
1005
1006
1002
992
1017
987
995
1000
999
1005
1033
962
990
1004
1003
996
1033
965
1005
992
1014
994
986
1006
999
1002
1006
993
998
1000
1008
996
1000
1000
992
1007
1021
973
1008
988
997
1030
979
996
988
1001
1004
1006
1001
993
989
1004
1047
971
990
1042
969
995
1001
993
1006
1009
976
989
1016
1002
997
1002
991
1008
999
991
1008
998
1013
992
1044
943
1010
988
1030
988
989
1004
1000
989
1000
1009
979
994
1023
994
1002
995
997
1001
1001
997
993
998
994
1001
999
1021
1031
978
981
1017
984
989
1000
1006
1019
995
983
1003
992
1010
989
1028
984
1041
954
999
1035
970
1011
982
1020
967
1012
1040
965
981
1008
1020
975
994
1036
971
996
994
1010
1005
985
1010
994
997
994
1012
1013
978
1043
969
999
1007
995
1040
954
990
995
996
1000
1002
1005
1012
988
1029
972
1008
993
1004
1002
1021
995
991
999
1003
974
1021
1013
988
988
998
1002
999
1010
991
997
1013
992
992
1003
1016
974
1001
995
1001
991
1008
986
1009
1027
1020
981
993
1005
986
982
1007
1006
980
1000
999
1026
978
992
1036
984
991
1006
995
1009
1003
997
1029
998
965
989
997
1002
1003
1003
1000
996
1010
1011
986
1007
1001
995
968
1003
1006
1005
990
1000
1007
996
996
1000
997
1051
964
1029
1013
981
986
988
1008
991
1002
1007
991
1032
963
1000
998
1000
1017
1001
983
1000
997
1009
988
1002
998
1004
991
1003
999
1003
986
1095
944
988
986
1018
992
987
991
1006
1001
994
994
1015
1014
970
1038
993
979
997
1007
997
1008
987
1005
1002
977
998
999
1001
1001
1010
995
1004
991
1015
1008
997
992
1002
997
1006
991
999
995
1000
995
1006
1007
996
992
1003
1013
1008
992
994
1005
979
1002
997
999
1015
990
994
1061
943
1008
1001
999
1000
997
988
998
1004
1010
987
1010
1004
1012
989
1008
990
1003
1019
972
993
998
991
1007
991
1000
1013
995
1008
1003
1003
1004
979
1001
1004
1006
1008
988
1003
977
1005
1024
995
988
1011
989
1009
989
1016
990
994
997
1013
988
1000
1004
987
1002
1002
1006
992
997
1006
1012
994
996
999
1701
292
1004
987
1009
1005
996
991
1000
1021
999
983
1015
995
1003
999
986
995
1000
1009
998
1016
983
993
999
1001
1003
998
1003
992
1043
960
991
1025
1007
992
999
1003
995
999
1000
1019
989
976
1006
999
1002
991
1002
1002
1012
1016
976
983
1011
1002
1023
977
996
1007
995
1008
1016
967
1025
988
985
997
1005
989
1009
1006
1000
994
1012
979
1020
990
1008
998
988
995
1008
995
1000
996
1028
992
987
1016
990
997
988
1015
991
1001
994
1005
1004
997
1000
993
1003
1008
993
1009
988
998
989
1013
995
999
993
1005
993
997
1001
1012
1003
1003
1006
995
997
985
998
1002
1001
1001
1036
989
998
984
998
997
1003
1007
1003
1011
988
997
1003
1001
979
1003
1006
1013
985
991
986
1005
1009
996
990
1009
1072
929
998
1002
993
1008
1003
989
994
999
997
1003
994
1003
996
997
1014
993
999
1036
978
987
1005
987
1006
1006
997
989
1001
1007
1007
1003
991
997
998
1024
996
1074
917
1022
983
1006
960
1008
1008
1000
997
997
990
1001
1007
997
998
1008
990
1010
1000
995
1029
971
1028
1000
978
995
1004
1000
997
1009
992
994
1004
996
1001
1045
966
987
1005
987
1007
1004
988
996
1008
991
996
1010
994
1003
991
1008
994
1022
986
1025
979
993
998
1015
1003
978
998
1000
1007
1001
992
1002
1009
996
997
1005
1003
998
1004
991
998
996
1010
988
999
1007
997
999
1041
966
1002
989
1009
992
1003
996
986
999
996
1023
981
1029
991
1002
1003
993
995
987
1028
986
1026
971
1001
996
1004
993
1036
978
986
1002
1038
982
998
1000
977
1000
989
994
999
1000
1007
1007
995
1009
989
998
1009
998
992
1007
998
986
995
999
1007
1005
1010
994
987
998
1008
1002
1002
1037
977
995
1010
975
989
1003
1012
1000
994
994
1006
1008
1000
994
1001
1003
994
1579
411
1016
995
977
1014
1011
988
1007
993
1002
988
1011
1007
992
998
1004
984
1016
1002
985
996
1017
1007
993
993
1009
986
1008
1036
962
999
1010
992
1000
999
997
1000
1016
1024
952
1007
1032
959
992
1004
995
1009
1018
977
1012
1013
976
995
995
1004
997
1010
1008
993
1008
1001
1001
982
998
1002
1014
974
1004
993
1000
1006
1001
998
1002
1006
990
999
1013
991
1002
1012
995
986
1006
1007
996
1001
996
1002
999
993
999
1005
1001
1011
991
1013
994
987
984
1001
996
994
1025
994
990
1001
992
1012
999
1010
984
990
1002
997
999
1011
991
995
1001
1004
996
1009
995
1003
996
997
1015
998
998
1013
997
978
1000
1007
994
994
1004
992
1002
1008
991
999
1011
1023
1030
948
1007
989
1002
1013
984
996
1004
991
993
1020
992
993
1003
1010
986
1001
1004
999
995
1003
992
997
1000
1012
1001
995
1042
960
997
1001
1010
991
989
1005
999
1005
991
1007
1000
992
1047
972
1000
991
1000
993
1038
965
1001
1001
994
1000
1020
979
1010
1011
982
983
995
1018
995
995
1006
993
1010
987
1011
992
1003
1001
1015
974
1000
1007
986
1012
986
1007
1000
1000
995
1005
992
1004
1004
997
1012
1004
994
996
988
1002
1000
998
996
1000
1000
998
1002
1002
998
993
1049
978
996
1023
964
994
1001
1003
999
1011
1005
1023
978
1004
982
996
1014
1007
994
993
987
1005
992
1003
1001
1002
1007
993
1004
1004
999
1043
962
996
1006
1007
976
1011
1004
980
1005
986
1002
994
1002
996
998
1004
995
1004
1009
1020
986
1016
980
999
1003
978
1003
997
1064
956
977
1019
1152
839
1014
992
1001
1002
1009
987
1001
998
1001
1011
979
993
997
998
1005
1012
1003
995
1009
1002
1003
976
1011
1013
977
997
998
1009
990
1001
995
1005
996
1014
1037
982
1067
912
993
988
1009
1006
1005
1007
1046
952
994
1003
980
1016
997
996
1009
988
997
1005
1016
975
1002
998
1001
992
992
1000
1014
1004
985
1018
1002
985
1002
1006
996
1001
1005
1001
995
1008
992
999
1000
975
1001
998
1015
1020
975
1009
997
1012
993
978
1011
987
1002
997
1019
1013
975
1013
997
999
995
991
1007
1009
993
1003
999
996
1002
1000
1008
989
997
1004
1001
995
1001
997
999
999
1004
998
996
999
989
1002
1000
1000
1006
1002
1004
1011
989
1017
1001
986
1000
1013
975
1018
968
1002
1006
998
1000
998
1001
1004
1035
977
1000
991
998
1004
989
992
1006
995
1005
994
1010
987
1001
994
1004
1028
971
1001
1012
995
1002
996
999
1000
1012
993
1006
994
981
995
1008
989
1014
986
1020
1004
991
999
1034
968
991
1013
985
1027
990
995
998
1165
824
996
1004
1012
993
1003
996
990
994
1003
995
1026
977
1009
1005
995
998
993
999
1000
1005
1042
987
990
1021
991
977
1035
951
1022
979
988
1009
995
1055
962
992
998
999
992
1002
998
1003
1005
987
1007
998
997
1000
997
1007
1041
958
996
1018
989
997
994
997
1006
1002
987
998
1022
991
1008
997
1003
994
996
1005
1003
1002
991
997
1001
1009
989
1004
995
1000
1005
993
996
1006
1004
1005
1006
991
980
1006
1000
998
987
1010
994
996
1009
991
1003
995
1003
1018
1002
995
982
999
999
1035
979
1002
989
1001
1016
989
1001
998
993
1001
1024
1001
992
1030
950
1002
985
1000
1004
1001
992
1001
998
998
999
1007
1006
996
998
1000
997
1019
993
998
1004
997
999
1006
996
999
1000
992
1006
1029
1008
967
990
1005
995
998
1007
993
1008
998
989
1003
992
1011
999
998
995
1002
1003
1000
1009
996
992
1013
976
1009
1012
984
994
998
1000
1013
997
1006
998
983
1015
992
1005
995
997
1002
997
1002
1000
1006
992
1001
998
1005
993
996
999
1004
996
998
994
1000
1050
962
994
1002
1006
993
998
1004
996
1015
1004
989
1003
1011
1001
1007
980
1015
977
994
1019
988
1000
999
1248
744
1007
982
990
1016
982
1003
996
999
999
1010
992
999
1027
1055
936
989
1002
1011
1004
1010
1017
992
973
985
1012
988
998
993
1005
998
1004
1006
993
1004
997
1009
1022
