0
993
1000
963
1033
993
1000
968
1027
974
1025
971
1028
1001
998
972
1036
998
1000
967
1035
995
1000
965
1003
1025
1000
971
1026
1000
973
998
1029
999
999
973
1027
999
1000
972
1028
999
999
973
1026
1000
1000
971
1027
999
1000
972
999
1008
1017
972
1030
998
999
973
1026
1000
999
973
1027
999
999
973
1027
999
999
973
1027
999
1027
947
1027
997
1000
972
1027
999
1000
971
1028
998
999
973
1027
1000
999
972
1027
999
1000
973
1027
999
998
972
1028
1000
999
971
1027
1000
999
972
1028
1000
1000
971
1027
999
1000
972
1027
1000
999
972
1027
999
1000
972
1026
999
999
973
1028
999
999
973
1027
999
1000
972
1027
1000
998
973
1026
1000
999
972
1037
1000
1000
964
1034
1000
991
978
991
1000
1000
999
1000
1004
1000
997
1031
996
999
973
1027
999
999
972
1028
999
999
984
1014
998
1000
986
1014
999
999
985
1014
999
999
972
1029
999
998
973
1026
1000
999
973
1026
999
999
973
998
1030
998
972
1029
1000
999
972
1027
999
1000
973
1026
1000
999
972
1027
1000
999
986
1014
999
999
973
1027
999
1000
972
1028
999
1000
971
1027
999
1000
972
1027
999
999
972
1028
1000
1000
971
1027
999
999
973
1026
1000
999
973
1028
999
999
972
1028
998
1000
972
1026
1000
999
973
1028
1000
997
973
1027
1000
999
973
1027
1001
998
972
1027
1000
998
973
1027
999
1001
971
1028
1000
999
971
1027
999
999
973
1027
1001
998
977
1022
999
1000
972
1027
1019
980
971
1029
1000
999
972
1028
999
1001
969
1028
999
1000
973
1027
1000
999
971
1029
999
999
972
1026
999
976
1003
1030
999
1001
968
1031
996
999
978
1028
987
999
972
1006
997
999
1003
996
999
999
998
1001
1000
1000
998
1001
1000
999
998
1001
1000
1000
998
1001
999
1000
998
1002
999
999
998
1001
997
1002
1005
994
999
999
998
1001
1000
999
998
1002
999
1000
996
1002
999
999
999
1000
999
999
1000
999
999
1000
997
1000
999
999
999
1000
999
999
999
1001
1000
999
1000
999
999
1001
999
1000
999
1000
999
1024
1000
1000
972
1027
1000
1001
967
1027
1004
996
971
1027
986
1013
972
1026
999
973
1014
1011
1001
1002
969
1000
1027
998
971
1028
999
988
984
1026
974
1025
972
1001
1026
999
972
1027
999
1000
984
1016
998
1000
983
1016
1000
999
977
1022
1000
1005
983
1016
1004
995
966
1027
1000
999
973
1026
999
1000
972
1002
999
998
1003
998
1024
999
973
1033
993
1000
972
1026
1000
1000
972
1027
1000
1004
968
1027
999
1000
983
1016
1000
1000
983
1016
1000
1000
972
1027
999
1000
983
1016
975
1000
996
1027
1000
999
972
1028
999
1000
971
1027
999
1001
971
1026
1000
1000
984
1014
1000
1000
972
1026
999
999
972
1027
1000
999
973
1029
996
999
972
1027
1000
1000
972
1027
999
1000
984
1015
1000
999
973
1027
999
982
990
1027
1000
999
988
1060
951
999
973
999
1027
999
972
1026
1000
972
1000
1026
973
1028
983
1014
1000
972
1000
1026
972
1027
984
987
1027
977
994
1034
999
965
998
1024
1005
999
982
1017
1000
1003
978
1017
1000
1000
972
1026
1000
999
978
1036
992
999
981
1018
1000
999
966
1033
970
998
1002
997
999
1001
1001
1024
1000
998
973
1027
1000
1000
971
1028
999
1000
972
1027
999
1000
988
1012
999
999
973
1026
1000
1001
972
1029
1000
999
971
1033
1000
994
972
1029
1000
999
971
1028
996
1000
979
1020
999
983
1001
1016
999
999
971
1027
1000
1000
986
1014
998
999
972
1027
999
999
980
1020
1000
1002
969
1004
1028
1042
931
1052
999
1000
943
1139
919
1081
872
1128
916
1081
895
1107
916
999
998
1082
918
1084
857
1140
920
1080
862
1138
915
1089
862
1124
930
1024
919
1137
918
1081
855
1151
908
1085
855
1144
914
1081
861
1080
1002
1000
917
1145
909
1083
864
1136
919
1000
944
1152
905
1086
859
1143
917
1085
855
1142
914
1086
857
1143
902
1080
872
1132
918
1080
867
1047
1005
994
952
1123
926
1082
867
1134
912
1084
869
1131
925
1080
862
1135
910
1085
868
1132
915
1083
868
1133
917
1079
870
1110
938
1079
873
1134
909
1087
866
1132
913
1086
868
1132
912
1084
868
1057
1074
917
1011
984
1086
916
1008
1001
1071
918
1010
1076
911
1009
1003
1077
910
1007
1003
1077
912
1084
865
1133
905
1010
949
1038
1002
997
963
1037
999
1002
960
1038
998
1002
960
1037
997
999
962
1036
1002
998
961
1038
1003
996
961
1038
999
1000
963
1036
999
998
963
1036
996
998
965
1033
999
997
966
1034
1003
999
960
1035
1000
999
964
1033
998
1001
965
1035
997
1003
961
1033
1005
988
972
1027
999
999
973
1027
999
1000
972
1032
1001
993
972
1027
1001
998
972
1027
999
999
973
1027
1000
999
976
1023
1000
999
973
1029
1001
995
972
1028
1000
999
973
1052
973
1000
971
1028
999
1000
972
1034
1000
999
965
1034
1000
993
974
1005
1075
973
954
1066
980
1081
870
1136
911
1081
862
1142
912
1087
855
1139
918
1082
870
1128
919
1080
863
1137
917
1080
865
1138
914
1080
871
1129
919
1081
860
1147
913
1086
852
1147
914
1081
856
1130
931
1080
861
1141
914
1081
860
1150
913
1069
865
1143
914
1082
862
1058
1009
1070
861
1147
906
1089
861
1123
929
1017
991
1069
916
1089
864
1134
916
1077
872
1133
916
1083
866
1134
912
1102
850
1134
912
1081
871
1130
912
1087
872
1130
908
1102
853
1134
911
1090
866
1131
917
1089
860
1136
911
1085
869
1049
1074
918
1015
1072
911
1088
866
1130
913
1087
868
1002
1012
1000
975
1021
1001
999
976
1023
1000
999
979
1052
990
1007
954
1046
1009
991
951
1140
912
1072
874
1131
922
1077
867
1132
916
996
959
1126
914
1086
866
1132
914
1085
871
1138
905
1096
856
1147
903
1092
856
1142
903
1085
868
1133
913
1086
866
1069
981
1085
862
1141
904
1088
865
1137
919
1084
858
1136
920
1085
857
1145
900
1004
951
1049
999
964
993
1042
1003
993
951
1074
977
1025
923
1076
969
1031
924
1077
969
1027
924
1133
913
1084
868
1134
911
1012
946
1126
917
1082
869
1131
913
1085
876
1050
988
1001
951
1012
1025
964
997
1047
1001
997
952
1131
917
1085
867
1136
910
1085
866
1131
917
1087
864
1137
910
1011
1004
982
1086
910
1016
988
998
1086
865
1134
920
1050
895
1132
914
1085
867
1134
913
1085
867
1136
908
1088
868
1131
914
1090
863
1130
913
1085
870
1130
913
1104
851
1131
917
1082
868
1136
911
1085
868
1128
919
1087
862
1132
911
1087
869
1126
917
1086
869
1135
908
1090
865
1061
997
988
1014
981
1089
913
1016
981
1088
911
1025
978
1085
911
1018
1074
907
1000
1021
1064
917
995
953
1138
909
1062
893
1130
913
1086
869
1124
920
1086
871
1137
915
955
991
998
1052
953
991
1011
993
1003
991
1046
1001
996
955
1050
998
998
952
1047
993
981
977
1126
918
1087
855
1145
920
1080
854
1143
892
998
964
1144
914
1082
859
1140
918
1080
861
1139
917
1082
862
1140
914
1016
981
1086
921
1088
853
1141
918
1083
860
1138
914
1082
869
1130
916
1083
868
1137
904
1086
870
1130
913
1087
869
1085
959
997
957
1130
914
1087
867
1132
912
1084
870
1130
913
1086
869
1133
930
1062
873
1131
913
1085
869
1130
913
1015
999
984
1086
916
1017
980
1000
1095
860
1132
913
1092
862
1130
914
1084
872
1048
998
998
951
1001
1038
1012
943
1053
996
1002
952
1048
996
999
950
1047
1002
1017
935
1073
975
1016
933
1136
913
1087
865
1135
911
1083
866
1135
914
1083
869
1131
916
1084
862
1143
904
1086
869
1133
910
1091
864
1131
917
1083
868
1131
913
1088
866
1074
973
1007
942
1133
913
1086
870
1133
911
976
978
1045
999
997
957
1043
999
999
957
1044
1001
995
955
1133
915
1083
867
1065
979
1095
860
1134
909
1087
869
1062
980
1087
869
1128
913
1088
868
1134
914
1000
949
1050
997
999
951
1045
1002
999
951
1048
1003
996
951
1048
999
1000
951
1050
997
1002
950
1045
990
999
962
1038
1000
1008
951
1050
972
995
982
1017
1000
1000
972
1026
1005
994
973
1028
1000
977
995
1058
997
1001
943
1058
997
999
1003
997
1080
918
1000
1081
931
1076
859
1138
918
1078
858
1070
1077
913
939
1140
918
1081
859
1149
909
1089
853
1140
914
1080
865
1143
910
1085
860
1138
915
1084
866
1142
893
971
1030
983
993
984
1073
975
1003
996
951
1143
916
988
954
1142
913
1087
855
1136
913
1094
858
1133
916
1084
863
1135
916
1084
865
1144
904
1082
867
1128
917
1085
871
1130
912
1088
865
1123
922
1090
865
1132
916
1091
856
1048
963
1037
954
1043
1000
999
954
1132
915
1086
866
1045
1001
997
1001
969
1007
1002
964
1033
999
1001
964
1034
995
995
973
1034
986
1013
965
1040
993
974
992
1020
1011
999
967
1034
999
1016
950
1031
999
1002
965
1028
1002
1002
972
1020
1026
998
954
1049
997
1000
953
1045
999
1000
953
1047
1000
997
952
1130
918
1086
865
1139
909
1081
869
1102
948
999
948
1050
996
999
953
1130
872
1044
953
1048
997
999
954
1045
1004
1020
929
1048
1004
994
953
1045
997
1005
954
1037
1001
1005
952
1049
987
999
952
1019
1007
999
1001
999
1010
996
965
1035
998
1004
961
1031
1002
965
1000
1062
1000
1003
934
1059
1003
999
937
1143
923
1077
856
1145
924
1075
856
1142
857
1144
856
1140
916
1081
862
1072
1088
849
990
1054
999
996
950
1054
1002
998
946
1135
920
1080
866
1141
915
1083
858
1053
998
997
953
1046
999
999
956
1050
994
998
953
1046
999
997
955
1050
997
1001
952
1133
910
1090
865
1133
912
1084
870
1129
914
1080
871
1134
919
1076
917
997
1003
1003
946
1140
963
947
955
1043
999
1003
950
1134
913
967
987
1046
1000
960
990
1011
1000
999
973
1057
944
1062
936
1011
997
999
988
1050
961
1036
952
1048
996
1008
947
1045
1000
998
955
1042
1004
995
958
1042
1001
997
959
1042
997
991
969
1033
996
1000
969
1030
1000
999
970
1030
1006
991
970
1032
991
1003
972
1029
994
994
980
1031
997
1001
968
1031
979
1041
954
1046
998
1002
953
1131
914
999
954
1045
996
1002
956
1047
998
992
962
1043
1003
998
953
1029
1018
998
952
1048
1002
997
954
1045
991
1008
956
1034
1000
999
955
1001
997
999
998
1005
997
998
998
1000
1002
998
998
1002
1000
997
999
1003
997
1000
997
999
1000
999
1000
1002
999
998
1000
1002
997
998
999
1000
999
1017
988
994
998
1029
971
1026
999
1001
971
1027
1000
999
973
1027
1003
997
970
1029
998
1000
974
1026
999
998
972
1027
1000
999
973
1026
999
1006
965
1027
1000
1000
973
1026
1002
998
972
1028
1000
1000
971
1027
999
999
975
1024
999
1000
972
1027
1002
998
970
1028
1001
998
984
1013
1000
999
973
1027
1000
1004
966
1033
1004
989
972
1018
1008
999
972
1026
1000
1000
971
1027
1000
999
973
1026
999
999
972
1033
994
1000
972
1026
1000
999
972
1028
1000
999
1002
975
998
998
1019
979
1000
999
999
1000
1000
1000
1017
985
1001
998
997
1001
999
1000
997
1000
1002
1000
997
1002
998
1002
997
1002
1000
999
998
1002
1003
1002
991
1000
1018
996
983
1001
1005
1009
996
1032
957
997
999
1003
999
998
1000
1013
987
996
1001
1028
985
988
999
999
1014
1018
970
1029
997
1001
968
1032
1018
948
1006
1008
988
1029
966
1033
1001
998
979
1020
1000
1000
964
999
1035
965
1001
1054
980
967
1000
999
1000
1030
967
1032
1002
997
966
1003
1037
1015
943
1035
996
1000
975
1023
1000
999
979
1021
1001
997
967
1033
999
997
973
1031
997
1006
961
1033
999
999
971
1021
1003
1002
1034
960
999
1000
973
1026
999
1002
972
1026
999
999
972
1027
999
999
973
1027
1000
1008
976
1014
999
999
973
1026
1001
1004
977
1016
1000
1000
972
1027
999
999
985
1016
998
998
985
1014
1000
999
986
1014
999
999
972
1035
991
1000
973
1040
986
1000
985
1014
1000
999
986
1025
988
1000
972
1027
1001
998
973
1026
999
1000
979
1020
999
999
979
1020
999
999
983
1016
999
1000
987
1013
999
999
980
1018
1000
999
973
1026
1000
999
980
1019
1000
999
975
1024
1001
999
972
1027
1000
1000
973
1025
1000
1001
972
1026
1001
999
972
1026
1000
999
973
1028
999
999
985
1014
1002
999
982
1014
999
1000
985
1013
1001
999
985
1014
999
1000
973
1026
999
999
985
1014
1000
999
972
1026
1001
999
972
1028
998
999
973
1026
1003
996
973
1026
1000
1005
967
1027
998
999
973
1028
999
998
973
1027
1000
998
972
1027
1000
999
972
1027
999
999
973
1026
1000
1000
972
1026
1000
1004
969
1026
1001
1002
974
1021
1000
999
973
1026
999
1000
973
1026
1000
998
973
1031
999
996
973
1027
998
999
973
1027
998
1000
979
1021
999
998
984
1020
994
999
973
1027
999
999
981
1019
999
999
981
1019
1000
999
983
1015
1001
999
972
1026
1000
998
973
1027
1000
1000
971
1027
999
1003
969
1026
1000
999
973
1027
999
998
973
1026
1000
999
973
1026
999
1001
972
1026
1000
999
972
1027
999
1001
971
1029
999
1002
982
1016
1008
999
962
1037
1000
997
969
1031
997
992
972
1029
999
999
972
1031
998
1008
964
1034
964
1001
998
1036
999
999
965
1040
986
997
972
1032
994
999
973
1027
1000
999
972
1027
1000
999
973
1026
999
1000
972
1027
1000
999
973
1026
999
999
973
1027
999
1000
972
1026
999
1000
973
1026
1000
999
972
1027
999
1008
974
1023
993
999
973
1034
993
1000
971
1026
999
999
973
1026
999
999
973
1032
995
999
972
1026
1000
1000
972
1030
1005
993
972
1027
1001
998
972
1032
992
999
973
1027
999
1000
973
1026
999
999
973
1026
1001
1000
972
1033
995
1006
965
1034
999
994
982
1023
999
998
967
1039
997
995
968
1028
999
1005
966
1029
998
999
973
1036
1016
979
969
1032
1000
997
984
1016
1000
1001
979
1019
999
1001
978
1020
1000
1001
963
1033
1001
998
965
1036
1004
996
966
1034
992
1006
964
1037
1000
1001
959
1035
999
999
964
1036
999
1003
961
1029
1004
1002
962
1031
999
996
972
1027
1000
999
971
1035
998
1000
965
1034
999
1000
965
1036
999
1000
964
1036
1002
995
966
1034
1004
998
962
1034
999
998
966
1034
1007
993
967
1035
999
1004
961
1035
1000
985
972
1030
999
999
973
1029
1000
1006
963
1037
1001
999
962
1030
999
1002
967
1030
994
999
972
1027
1000
1000
972
1027
999
1000
971
1027
1001
998
972
1027
999
999
973
1026
1000
999
973
1027
999
999
973
1026
1000
1000
973
1029
998
1004
968
1026
1009
991
971
1031
999
998
973
1026
1000
999
971
1035
999
1000
964
1033
1004
995
966
1035
999
1000
965
1036
999
998
966
1040
993
1001
964
1035
999
997
966
1037
1001
997
975
1028
989
1007
965
1036
989
995
973
1028
999
999
984
1024
999
1001
964
1034
1001
999
960
1027
999
1021
952
1026
999
1000
986
1013
1000
1006
966
1026
1000
1019
954
1026
1000
999
973
1026
1000
999
973
1026
1000
1004
968
1043
984
999
986
1014
998
1000
971
1027
999
1000
975
1046
978
999
972
1026
1000
1000
983
1015
973
1027
972
1028
1000
1001
971
1019
1008
998
973
1026
999
999
973
1026
1000
999
972
1026
999
999
973
1026
1000
999
986
1015
999
999
973
1027
1000
999
985
1016
1001
997
984
1018
996
999
986
1014
999
999
1017
983
999
999
973
1026
1000
1000
972
1026
1002
997
972
1027
1000
999
972
1027
999
1000
973
1026
999
1000
973
1026
1000
1000
972
1027
999
1002
970
1032
994
999
981
1018
1000
1000
972
1028
998
999
973
1027
998
1000
973
1027
1000
999
973
1029
997
1000
973
1027
1000
998
973
1026
1000
999
973
1027
999
1000
972
1026
1001
998
973
1026
1000
999
973
1027
998
999
971
1029
1000
999
972
1026
999
1000
973
1028
998
1000
972
998
1029
999
972
1028
1002
995
973
1027
999
999
973
1027
999
1000
973
1027
1005
993
973
1027
999
1001
972
1026
999
1000
973
1026
1000
999
973
1026
1000
1000
973
1026
1000
999
973
1026
1000
999
972
1027
999
1000
973
1027
999
1000
972
1027
1000
999
972
1027
1004
994
973
1028
998
1001
973
1028
1001
1001
969
1030
1006
1000
966
1033
992
1002
966
1034
996
994
973
1029
999
1000
972
1029
1006
1000
963
1037
998
989
970
1028
998
999
973
1027
999
1000
973
1039
986
1000
972
1027
1000
999
973
1026
1000
1002
970
1026
1000
999
973
1026
1006
993
973
1026
974
1026
972
1018
1000
1007
972
1031
1002
993
985
1014
999
1001
971
1027
999
1000
985
1013
1000
1006
966
1026
999
999
988
1011
999
1000
979
1020
1001
998
985
1014
1000
1000
979
1019
1000
999
984
1015
1000
1000
972
1033
1022
971
971
1027
1000
999
984
1014
999
1000
986
1014
1000
999
980
1018
1000
1000
973
1027
999
999
972
1027
999
1001
972
1025
1000
999
973
1027
999
999
973
1027
999
999
973
1027
999
999
973
1027
999
999
973
1026
999
1000
973
1027
999
999
973
1026
1000
1000
972
1027
1000
999
973
1027
999
1000
985
1014
999
1000
972
1027
1000
998
973
1026
999
999
973
1027
999
999
973
1027
1001
1005
979
1014
999
1000
972
1027
1000
999
972
1028
998
1000
972
1027
1000
999
972
1026
1000
1000
972
1027
1000
999
973
1026
1001
999
972
1033
993
1000
972
1026
999
1000
985
1014
999
999
972
1027
1000
999
973
1027
1001
1002
967
1027
999
1000
972
1027
999
1006
966
1028
999
1003
969
1027
1000
999
972
1027
1000
999
973
1027
999
1004
969
1028
1009
989
973
1027
1000
998
973
1027
999
1000
974
1027
999
999
972
1026
999
999
973
1027
999
999
972
1027
1000
1000
972
1027
1000
999
973
1026
1000
1000
972
1027
999
999
984
1015
1001
999
972
1028
1000
998
973
1026
1000
999
972
1026
999
1000
973
1028
998
999
973
1026
1000
999
972
1027
1000
1000
971
1026
1001
999
972
1042
984
1002
970
1026
1000
999
976
1023
1000
999
973
1026
1000
999
978
1022
999
1000
984
1014
999
999
985
1014
1000
999
973
1027
1003
996
973
1032
997
996
988
1015
995
999
973
1026
999
999
973
1027
1000
998
973
1026
1000
999
980
1020
1000
999
973
1026
1000
999
973
1027
999
1000
973
1026
999
1000
973
1026
999
999
973
1027
999
1000
973
1026
1000
998
973
1027
999
1000
973
1032
1000
993
976
1023
1018
980
972
1026
999
1000
975
1027
997
999
973
1026
1000
999
973
1026
999
979
992
1027
1000
999
988
1011
1001
1000
970
1030
998
1002
982
1016
999
999
988
1011
1000
1000
972
1026
1000
999
973
1027
999
1000
989
1014
996
1000
972
1026
1000
1001
972
1026
1000
1000
972
1026
1000
1000
971
1027
999
999
986
1014
999
999
973
1026
999
999
973
1026
999
999
983
1018
999
1000
980
1019
1000
999
972
1027
1000
999
972
1027
999
1000
973
1028
998
1000
976
1023
1000
1000
973
1027
999
1000
972
1026
999
1000
975
1023
1004
996
972
1031
994
999
973
1027
999
1001
972
1030
997
1000
970
1026
1000
999
973
1027
999
1000
973
1027
1000
1000
972
1027
1000
999
973
1027
999
1000
988
1011
999
999
973
1027
999
1000
973
1026
1000
1000
971
1027
999
1000
981
1021
997
999
985
1021
993
999
976
1023
1004
995
972
1026
1000
1000
973
1026
999
1000
973
1026
1000
999
973
1026
999
1000
972
1027
999
1008
966
1025
1000
1005
981
1011
1000
1000
972
1027
999
1000
972
1026
999
999
973
1027
1001
1003
968
1027
999
1000
971
1028
998
1000
972
1028
1001
997
973
1026
1000
999
973
1026
999
1003
982
1015
998
1000
972
1027
999
999
973
1027
999
999
986
1014
1000
998
973
1027
1000
1022
950
1026
999
1005
967
1026
1000
999
977
1022
999
1000
971
1028
999
1000
973
1026
1000
999
972
1030
997
999
973
1028
998
1005
966
1028
1004
994
988
1012
1005
994
973
1027
999
999
971
1033
994
1000
973
1027
998
999
972
1029
999
1000
971
1028
1006
992
985
1015
999
999
987
1013
999
1000
975
1023
1000
999
972
1028
1010
989
972
1027
1000
999
972
1026
1000
999
972
1028
1000
1005
966
1027
1019
986
965
1027
1000
1000
972
1027
1003
998
970
1028
999
999
973
1026
1000
1004
967
1027
999
1000
973
1026
1001
1001
972
1025
1000
999
972
1028
1023
975
975
1026
999
999
973
1026
999
1000
972
1035
1001
997
979
1021
1000
997
972
1031
997
999
982
1018
1005
988
974
1000
996
999
1010
990
1027
999
989
1011
1000
999
984
1015
1000
1000
984
1015
999
1000
973
1027
998
999
984
1015
1002
1001
969
1027
1000
999
987
986
1025
999
989
1010
1000
999
972
1027
1001
998
973
1027
1001
998
986
1013
1000
999
989
1011
999
1000
988
1012
1001
998
972
1002
1023
999
972
1027
1000
999
974
1035
997
999
965
1034
999
1000
966
1033
1000
999
966
1034
999
997
969
1032
994
999
972
1002
998
1025
973
1026
999
1000
972
1027
1000
999
973
1028
998
1004
967
1027
1001
1000
971
1026
999
1002
970
1027
1001
998
973
1000
1005
1020
971
1026
999
1000
973
1033
993
999
973
1027
1003
998
970
1026
1000
998
975
1025
999
999
979
1020
1000
999
984
991
1000
1024
988
1011
1000
999
980
1019
1000
999
988
1012
999
999
973
1026
1001
999
972
1027
999
1000
973
1025
1001
999
971
1027
976
998
997
1027
999
999
977
1023
998
1000
988
1011
999
1002
970
1028
998
999
973
1026
1000
1000
973
1026
1000
1001
972
1028
975
998
1003
1020
999
1000
974
1025
1000
999
973
1027
999
999
973
1028
998
979
1005
1016
1005
999
971
1029
1003
996
967
1027
998
999
972
1000
1025
999
973
1029
997
1000
973
1026
1000
999
986
1013
1001
999
988
1017
997
998
977
1021
998
1000
973
1027
1000
1000
985
989
997
999
1001
1033
998
994
982
1017
999
1000
973
1026
999
999
989
1011
1000
999
982
1024
993
999
983
1017
999
999
983
1018
1000
998
1012
987
1000
999
972
1027
999
999
972
1026
1000
1000
982
1016
999
1000
985
1013
999
1000
978
1027
994
1000
985
1014
1010
988
979
1021
1011
987
987
1011
999
1000
973
1028
998
999
973
1027
1000
1000
987
1010
1000
999
973
1026
1006
993
973
1026
1001
999
972
1027
999
1000
988
1011
1000
1000
988
1012
1000
999
972
1026
999
1001
971
1027
1000
999
972
1032
994
999
973
1028
1000
999
972
1027
999
1006
974
1025
1002
996
973
1026
1000
999
966
1035
997
999
967
1034
1002
996
976
1023
1002
1003
960
1035
998
997
968
1028
1002
1022
947
1026
1000
1000
972
1027
999
1000
972
1026
999
999
974
1026
1000
1000
972
1026
1000
1000
972
1026
999
1001
988
1011
1000
999
972
1027
1000
999
976
1023
999
1001
972
1027
999
999
972
1026
1000
999
986
1013
999
1000
973
1026
999
1000
986
1014
998
1000
973
1026
999
1000
987
1011
1000
999
973
1027
999
1000
973
1027
999
999
973
1026
1000
999
973
1026
1000
1000
972
1026
1000
999
984
1015
999
1001
971
1027
998
1000
973
1027
1000
998
973
1027
999
1000
985
1014
1001
1002
967
1029
1000
999
974
1029
995
1001
972
1027
1000
999
973
1027
998
1000
976
1022
999
999
973
1032
999
994
973
1027
1000
999
972
1026
1000
1001
974
1030
993
999
973
1026
1004
995
972
1026
1000
1000
972
1026
999
1000
976
1023
999
1000
972
1028
998
999
972
1026
1000
999
973
1026
1000
999
981
1019
999
1006
970
1024
1000
1001
969
1028
999
999
973
1027
1001
998
974
1026
999
1000
974
1025
1000
999
985
1016
998
999
972
1027
999
1000
972
1027
1000
998
973
1031
995
1004
968
1027
999
1004
968
1027
999
1000
972
1026
1000
999
973
1026
1000
999
973
1026
1000
1001
971
1027
999
999
973
1032
994
1001
971
1027
999
1000
972
1026
1009
991
972
1026
999
1000
985
1018
1002
993
973
1029
998
999
972
1027
999
999
975
1024
999
1000
974
1028
996
999
973
1027
999
1000
972
1026
1000
1000
972
1027
1000
999
979
1022
998
1000
985
1013
999
1000
985
1015
998
1000
988
1012
998
1000
981
1019
998
1000
976
1025
1003
993
973
1026
1000
1000
972
1026
1000
999
973
1027
999
999
972
1027
998
1000
973
1026
1000
999
973
1026
999
1000
973
1027
999
1000
973
1027
1000
998
989
1010
999
1000
973
1033
994
999
985
1020
994
998
973
1026
1000
999
973
1028
999
1000
972
1027
1000
1005
967
1027
998
999
973
1026
999
999
974
1027
1005
992
973
1026
1001
998
977
1022
999
1000
973
1028
999
999
973
1027
999
1000
972
1027
999
999
973
1029
997
999
986
1014
1000
999
973
1034
1018
981
977
991
1031
996
969
1039
966
993
1000
1033
1000
998
973
1026
1000
1000
978
1025
995
1000
978
1020
992
1001
972
1029
998
998
973
1027
999
999
980
1019
1001
998
972
1027
1000
999
973
1026
1000
999
973
1027
999
999
986
1013
999
1000
973
1028
1005
999
994
998
1000
999
972
1026
1000
1000
972
1026
1000
1000
972
1027
1000
999
972
1027
998
1000
971
1027
1019
980
985
1014
1000
1004
967
1057
970
997
973
1027
999
1000
972
1029
1001
1001
980
1013
1000
999
972
1029
1003
998
967
1030
1001
995
973
1027
1000
999
973
1027
1000
998
973
1026
1000
999
973
1027
998
1000
986
1014
999
999
973
1026
1000
999
974
1025
999
1000
973
1027
999
999
973
1054
972
998
973
1027
999
999
977
1022
999
999
973
1026
1000
999
973
1026
999
1000
973
1027
1002
996
976
1024
1000
999
973
1026
998
1000
973
1028
998
1000
985
1014
999
1000
972
1026
1001
998
973
1026
1000
999
973
1026
1000
1006
978
1017
1002
994
973
